9 -0.463155 0.156050 -0.193610 0.418974 -0.552487
19 -0.680663 0.532873 -0.264536 0.300241 -0.887776
17 -0.876091 0.839636 -0.150342 0.298083 -1.210807
6 -0.127160 0.876913 -0.323227 -0.218946 -0.971783
7 -0.465403 0.184819 0.243306 0.097657 -0.504883
10 -0.214197 -1.001220 -0.196773 -0.325159 -0.505231
3 -0.350952 1.593715 -0.355511 -0.509438 -0.335831
5 0.031451 0.152958 -0.266260 -0.332340 -0.343820
14 -0.379805 -0.326197 -0.056301 0.259929 -0.817962
23 -0.565108 0.317340 -0.221812 0.775258 -0.834225
4 -1.185469 0.617151 0.026009 0.646602 1.089542
35 -0.772380 2.487365 -2.762207 -0.953213 0.012811
18 -1.191765 0.179144 -0.458518 0.377754 -1.195959
16 -0.087551 0.265892 0.590447 -0.150094 -1.371059
29 -1.023255 -0.154680 1.118824 1.618365 -0.673272
32 -1.382873 1.983875 -0.470366 -1.270446 0.901994
38 -2.281654 1.957892 0.716171 -0.781572 3.546019
1 0.994570 -0.967253 -1.778695 0.519043 -0.023147
21 0.116447 0.922704 -1.617478 -0.296157 -0.827494
2 0.674569 -0.225727 -1.254986 0.745244 -0.269458
43 -1.426494 0.436479 0.631132 0.659442 -0.740160
33 -0.942752 1.100750 0.557812 0.983302 -0.761830
22 -0.972060 0.593073 -0.530337 -0.755795 -1.153381
25 -0.250534 -0.652739 0.217153 0.581982 -1.467561
13 -0.417862 2.179526 -2.257315 -1.016755 0.173560
31 -1.333648 -0.097860 0.399839 1.123673 -1.028519
40 -0.470004 -0.745311 1.404054 0.690713 -1.533849
12 -0.080048 2.375932 -2.007961 -1.066656 -0.019788
45 -0.790206 -0.367700 1.253007 2.003398 -1.396696
11 -0.285719 0.144548 -0.704362 -0.766447 -0.260270
24 -1.016843 -0.374907 0.057505 1.092175 -0.694544
-1 3.700410 2.536513 -0.514670 -2.263229 -0.228374
37 1.129562 0.313169 -2.359070 1.562353 -0.099165
26 -0.765246 0.354120 0.893377 0.762922 -1.096683
30 0.395147 -0.837108 1.268615 0.435843 -1.648822
52 -0.333462 0.467023 -0.255621 1.473369 -1.126523
15 -0.623617 2.931649 -1.329981 0.209938 1.351728
47 1.455846 -1.330543 -2.714120 1.772462 0.399491
46 -0.854998 0.835856 0.593026 0.835268 -0.676510
44 -1.235221 1.366390 0.139802 1.402125 -0.360713
42 -0.257074 0.524862 -0.067807 0.244560 -0.724327
49 0.011878 4.514955 0.787648 1.105591 2.209988
28 -0.161401 0.664011 -0.281334 -0.940312 -0.625285
39 0.001233 0.201743 -1.151918 0.063127 -1.037918
8 1.072722 -0.269640 -0.613488 -0.888172 -0.108060
48 0.914792 -2.315846 -1.436477 1.127582 0.366896
55 -0.407114 -2.029824 0.783162 2.420077 0.122691
56 0.613364 -0.374968 -2.238738 1.479707 0.924023
65 -0.428234 -1.788343 0.481600 3.116482 1.005931
36 -1.473656 3.189397 -2.810719 -0.348991 0.505162
20 1.148892 0.169910 -2.206160 0.590464 -0.403326
76 -3.423472 -1.698972 0.805608 -2.744191 1.908397
67 -2.087499 -1.653247 1.040955 -2.197884 0.985655
41 1.502552 1.232947 -0.680281 -0.039373 -0.410948
59 -0.005144 -1.955284 -1.255351 1.407999 0.642459
50 -0.496356 -0.524320 -0.070108 -3.810042 0.644946
53 0.010015 -1.506692 0.489873 -0.608952 -0.941246
64 -1.147162 -1.394543 0.490045 0.388690 -0.759240
62 0.836405 1.069701 -1.630875 0.483536 0.239661
51 0.893086 -2.265950 0.430083 -1.256755 0.795056
61 -0.399164 2.281956 0.814261 0.079947 0.235268
66 -0.458635 1.370441 0.765168 0.277094 -0.598410
54 0.948272 -2.314233 0.072685 1.764022 1.110615
0 4.615511 1.703519 -0.124340 -0.832003 -0.089161
96 1.090129 2.359276 -0.243850 -3.114229 -0.343983
27 -0.195376 -0.378946 0.701303 -1.377996 -1.493914
74 -0.190156 1.661361 1.251424 0.180741 0.921541
73 -0.827571 -1.374099 0.158745 1.980855 -0.120437
71 1.639168 -0.628587 1.363776 -2.171547 -0.946137
63 -1.647625 1.157437 0.825723 2.126305 -0.321321
70 0.283145 0.057358 1.321111 -1.930512 -2.257045
57 -0.408151 2.320081 0.492765 0.069538 -0.236843
72 -0.211956 -1.032279 -2.171287 0.066501 -1.130006
68 0.215551 -1.566315 1.637209 1.900902 1.384908
83 0.620586 0.771753 1.385865 1.250454 1.465853
87 -0.479357 -1.966785 -0.308080 2.813131 1.518611
60 0.523824 -1.926577 -0.169447 0.581523 -0.425929
77 -1.843490 -1.520036 1.016459 -2.851897 0.757655
78 0.802725 -0.838084 0.914994 -0.833857 -1.502830
82 0.264644 1.827935 -1.667143 0.373275 -0.465971
58 -1.007757 -1.872342 1.792355 -0.152823 -0.501982
69 1.734735 -0.609397 0.989633 -0.957742 -1.466423
34 0.988621 2.087103 -0.640812 0.967701 1.817539
75 -1.125233 -1.564526 1.124897 -1.089497 1.421101
90 1.368258 0.737384 0.529017 -0.315121 -1.854108
89 -1.691911 -1.645495 -0.240425 -1.247284 1.127016
80 -0.780106 -0.021036 0.828666 -1.530606 1.394236
81 1.298838 -0.293866 0.671712 -0.753654 0.864258
86 0.435505 -1.354026 0.716259 1.745518 1.138412
84 2.127479 -0.794968 4.001316 1.392417 2.223949
88 0.889935 -0.689846 3.383502 -1.441207 -0.268154
85 3.052883 -1.273047 2.346081 -0.087326 2.861970
92 2.292907 -2.236792 2.801031 -0.637619 2.598920
93 0.710994 -0.315432 2.859030 -3.276997 -0.007163
79 1.707068 -2.058784 2.456173 -1.704841 0.292772
94 1.877258 -0.760560 4.315880 -0.395604 0.573037
91 -0.449250 -0.407238 5.238714 -1.563803 -0.710922
95 1.223045 -2.016058 -1.852667 -2.713895 5.081026
<unk> 0.007806 0.023350 0.176423 -0.029358 0.012704
